39335
26922
39335
31484
39335
22660
39335
31484
39335
44795
39335
4937
39335
44345
39335
18248
39335
5012
39335
35971
39335
49132
39335
44345
39335
40158
39335
4937
39335
44795
39335
22735
39335
4937
39335
39933
39335
4487
39335
17723
39335
450
39335
35896
39335
49132
39335
22735
39335
44345
39335
35896
39335
4937
39335
35971
39335
49132
39335
44345
39335
13536
39335
44345
39335
57956
39335
4937
39335
44795
39335
49207
39335
44345
39335
4937
39335
9424
39335
53544
39335
44345
39335
35896
39335
5012
39335
40383
39335
49207
39335
49132
39335
44345
39335
5012
39335
9424
39335
44345
39335
53619
39335
31484
39335
35971
39335
49132
39335
53619
39335
44420
39335
4487
39335
17723
39335
22435
39335
9424
39335
53544
39335
44345
39335
13836
39335
4937
39335
9424
39335
22735
39335
44345
39335
44720
39335
18248
39335
4937
39335
44795
39335
44345
39335
31484
39335
9424
39335
44345
39335
57956
39335
31484
39335
44795
39335
22735
39335
53244
39335
44345
39335
31484
39335
44795
39335
13461
39335
49207
39335
44345
39335
525
39335
40383
39335
49207
39335
31484
39335
9424
39335
49132
39335
49207
39335
49207
39335
44345
39335
26697
